function r = ramp0(z, v)
    fac = 100000.*(160000000000000000000000000000000000000000.*z.^8 - 14572800000000000000000000000000000000000.*z.^7.*v + 99580800000000000000000000000000000000000.*z.^7 + 331822656000000000000000000000000000000.*z.^6.*v.^2 - 7576617312000000000000000000000000000000.*z.^6.*v + 26536595184000000000000000000000000000000.*z.^6 + 135686017043280000000000000000000000000.*z.^5.*v.^2 - 1643553286103520000000000000000000000000.*z.^5.*v + 3951999537393600000000000000000000000000.*z.^5 + 200714563865692800000000000000000000.*z.^4.*v.^3 + 22052317975196176800000000000000000000.*z.^4.*v.^2 - 192563322410924942400000000000000000000.*z.^4.*v + 359487217756191571200000000000000000000.*z.^4 + 54788839447099736088000000000000000.*z.^3.*v.^3 + 1810806508915961684688000000000000000.*z.^3.*v.^2 - 13129758774547585039584000000000000000.*z.^3.*v + 20428755008473152779328000000000000000.*z.^3 + 18737905508871124612410000000000.*z.^2.*v.^4 + 5450820578828526927195720000000000.*z.^2.*v.^3 + 78301044153351213892295400000000000.*z.^2.*v.^2 - 519401755515190682849172480000000000.*z.^2.*v + 707123870471722746706202880000000000.*z.^2 + 2818555746644394564198712200000.*z.*v.^4 + 231196795398228695070011130000000.*z.*v.^3 + 1660564224525949743596091328800000.*z.*v.^2 - 11001839737339016029887428174400000.*z.*v + 13605832459795647768150598214400000.*z + 105991788852562457586692572281.*v.^4 + 3443384562216748937737147375848.*v.^3 + 13218597203822813286369339129720.*v.^2 - 96087210765642630292884913412064.*v + 111255268037351854413413765243664).^(1./2);
    r = [... 
    (549973834719289200000.*v - 80802964519200000000000.*z + fac + 28727027970300000000000.*z.*v + 1141210700190000000000.*z.*v.^2 + 421691292000000000000000.*z.^2.*v + 1821600000000000000000000.*z.^3.*v - 1631461392000000000000000.*z.^2 - 13662000000000000000000000.*z.^3 - 40000000000000000000000000.*z.^4 + 84527115437486700000.*v.^2 - 1387081003857555600000)./(18216.*(11385000000000000000.*z.^3.*v - 200000000000000000000.*z.^4 - 68689500000000000000.*z.^3 + 2644211790000000000.*z.^2.*v - 8347413690000000000.*z.^2 + 5902813966500000.*z.*v.^2 + 179511131403450000.*z.*v - 419187240717300000.*z + 439063108456203.*v.^2 + 3436838663017716.*v - 7249353394646484))
    (836708925955993200000.*v - 79281350252280000000000.*z + fac + 44126813740680000000000.*z.*v + 511577210430000000000.*z.*v.^2 + 712036116000000000000000.*z.^2.*v + 3643200000000000000000000.*z.^3.*v - 1615331124000000000000000.*z.^2 - 13662000000000000000000000.*z.^3 - 40000000000000000000000000.*z.^4 + 39127392658341900000.*v.^2 - 1354159567456304400000)./(36432.*(6831000000000000000.*z.^3.*v - 100000000000000000000.*z.^4 - 31878000000000000000.*z.^3 + 1313464680000000000.*z.^2.*v - 3593305237500000000.*z.^2 + 590281396650000.*z.*v.^2 + 82393444949062500.*z.*v - 172263787589025000.*z + 44802358005735.*v.^2 + 1654700422345146.*v - 2962929276112608))
    (348462784489050000000.*v - 58450975632720000000000.*z + fac + 20961548263260000000000.*z.*v + 432873024210000000000.*z.*v.^2 + 352561572000000000000000.*z.^2.*v + 1821600000000000000000000.*z.^3.*v - 1304247384000000000000000.*z.^2 - 12144000000000000000000000.*z.^3 - 40000000000000000000000000.*z.^4 + 32556380150834100000.*v.^2 - 895117926022729200000)./(36432.*(2500000000.*z.^2 + 303600000.*z + 9793377).*(1821600000.*z - 57032019.*v - 683100000.*z.*v + 10000000000.*z.^2 + 86412150))
    (77549858155440000000000.*z - 674225707588527600000.*v - fac - 32557298366340000000000.*z.*v + 432873024210000000000.*z.*v.^2 - 449343180000000000000000.*z.^2.*v - 1821600000000000000000000.*z.^3.*v + 1613026800000000000000000.*z.^2 + 13662000000000000000000000.*z.^3 + 40000000000000000000000000.*z.^4 + 32556380150834100000.*v.^2 + 1252209312794365200000)./(291456.*(625000000.*z.^2 + 71156250.*z + 1728243).*(3529350000.*z - 84683907.*v - 1138500000.*z.*v + 20000000000.*z.^2 + 146324574))
    (85262868405000000000000.*z + 169253352466110000000.*v - fac + 5876579237760000000000.*z.*v + 275464651770000000000.*z.*v.^2 + 48390804000000000000000.*z.^2.*v + 1679852196000000000000000.*z.^2 + 13662000000000000000000000.*z.^3 + 40000000000000000000000000.*z.^4 + 21206449456047900000.*v.^2 + 1462747208489463600000)./(4554.*(800000000000000000000.*z.^4 + 224664000000000000000.*z.^3 + 483908040000000000.*z.^2.*v + 20819567340000000000.*z.^2 + 55224103997700000.*z.*v + 770688881285400000.*z + 26881414803441.*v.^2 + 1358009251551612.*v + 9898998034037508))
    1./(3.*z)];
end

