function r = ramp60(z, v)
    r = [...
    (21315717101250000000000*z + 251888812787799000000*v - 2277*((100000000000000000000000000000000000000000000000000*z^8)/5184729 + (1000000000000000000000000000000000000000000000*z^7*v)/2277 + (82000000000000000000000000000000000000000000000*z^7)/6831 - 47500000000000000000000000000000000000000*z^6*v^2 + 190000000000000000000000000000000000000000*z^6*v + (28790000000000000000000000000000000000000000*z^6)/9 + 227700000000000000000000000000000000000*z^5*v^3 - 20606850000000000000000000000000000000000*z^5*v^2 + 33649000000000000000000000000000000000000*z^5*v + 476399000000000000000000000000000000000000*z^5 + 20738916000000000000000000000000000000*z^4*v^4 + 80363299500000000000000000000000000000*z^4*v^3 - 3624845672250000000000000000000000000000*z^4*v^2 + 3193024956000000000000000000000000000000*z^4*v + 43334861108000000000000000000000000000000*z^4 + 5273180476740000000000000000000000000*z^3*v^4 + 10789032194325000000000000000000000000*z^3*v^3 - 331088835380985000000000000000000000000*z^3*v^2 + 178295588971830000000000000000000000000*z^3*v + 2462611233932520000000000000000000000000*z^3 + 489316420019302425000000000000000000*z^2*v^4 + 675071974350858150000000000000000000*z^2*v^3 - 16552106714224335375000000000000000000*z^2*v^2 + 6033948389280533700000000000000000000*z^2*v + 85241180213050039200000000000000000000*z^2 + 19593675080324520813000000000000000*z*v^4 + 19150854547443570171000000000000000*z*v^3 - 428767907904332123589000000000000000*z*v^2 + 119241896974428956409000000000000000*z*v + 1640133030554206373196000000000000000*z + 286333779222336441391290000000000*v^4 + 190028859908147566776360000000000*v^3 - 4485584245200754233841380000000000*v^2 + 1085971331766658862871720000000000*v + 13411413117897754927670010000000000)^(1/2) + 11484252505935000000000*z*v + 1869224422725000000000*z*v^2 + 150357141000000000000000*z^2*v + 569250000000000000000000*z^3*v + 419963049000000000000000*z^2 + 3415500000000000000000000*z^3 + 10000000000000000000000000*z^4 + 58243065407455500000*v^2 + 12961822500000000000000*z^2*v^2 + 365686802122365900000)/(18216*(1764675000*z - 32836617*v - 398475000*z*v + 10000000000*z^2 + 73162287)*(834900000*z + 15554187*v + 341550000*z*v + 5000000000*z^2 + 24771483)) - (18975000*(112500000000*z^2*v^2 + 137500000000*z^2*v + 35000000000*z^2 + 15028200000*z*v^2 + 16128750000*z*v + 3225750000*z + 451071423*v^2 + 395191566*v + 54727695))/((1764675000*z - 32836617*v - 398475000*z*v + 10000000000*z^2 + 73162287)*(834900000*z + 15554187*v + 341550000*z*v + 5000000000*z^2 + 24771483))
    -((3260539536903*(21315717101250000000000*z + 251888812787799000000*v - 2277*((100000000000000000000000000000000000000000000000000*z^8)/5184729 + (1000000000000000000000000000000000000000000000*z^7*v)/2277 + (82000000000000000000000000000000000000000000000*z^7)/6831 - 47500000000000000000000000000000000000000*z^6*v^2 + 190000000000000000000000000000000000000000*z^6*v + (28790000000000000000000000000000000000000000*z^6)/9 + 227700000000000000000000000000000000000*z^5*v^3 - 20606850000000000000000000000000000000000*z^5*v^2 + 33649000000000000000000000000000000000000*z^5*v + 476399000000000000000000000000000000000000*z^5 + 20738916000000000000000000000000000000*z^4*v^4 + 80363299500000000000000000000000000000*z^4*v^3 - 3624845672250000000000000000000000000000*z^4*v^2 + 3193024956000000000000000000000000000000*z^4*v + 43334861108000000000000000000000000000000*z^4 + 5273180476740000000000000000000000000*z^3*v^4 + 10789032194325000000000000000000000000*z^3*v^3 - 331088835380985000000000000000000000000*z^3*v^2 + 178295588971830000000000000000000000000*z^3*v + 2462611233932520000000000000000000000000*z^3 + 489316420019302425000000000000000000*z^2*v^4 + 675071974350858150000000000000000000*z^2*v^3 - 16552106714224335375000000000000000000*z^2*v^2 + 6033948389280533700000000000000000000*z^2*v + 85241180213050039200000000000000000000*z^2 + 19593675080324520813000000000000000*z*v^4 + 19150854547443570171000000000000000*z*v^3 - 428767907904332123589000000000000000*z*v^2 + 119241896974428956409000000000000000*z*v + 1640133030554206373196000000000000000*z + 286333779222336441391290000000000*v^4 + 190028859908147566776360000000000*v^3 - 4485584245200754233841380000000000*v^2 + 1085971331766658862871720000000000*v + 13411413117897754927670010000000000)^(1/2) + 11484252505935000000000*z*v + 1869224422725000000000*z*v^2 + 150357141000000000000000*z^2*v + 569250000000000000000000*z^3*v + 419963049000000000000000*z^2 + 3415500000000000000000000*z^3 + 10000000000000000000000000*z^4 + 58243065407455500000*v^2 + 12961822500000000000000*z^2*v^2 + 365686802122365900000))/(2*(200000000000000000000*z^4 + 15939000000000000000*z^3*v + 56166000000000000000*z^3 + 116656402500000000*z^2*v^2 + 2544837817500000000*z^2*v + 5204891835000000000*z^2 + 10625065139700000*z*v^2 + 127566368498250000*z*v + 192672220321350000*z + 241932733230969*v^2 + 2037013877327418*v + 2474749508509377)) - 210664871782200000*v - 985098510000000000*z - 10067015475000000000*z*v - 2307204405000000000*z*v^2 - 141174000000000000000*z^2*v - 600000000000000000000*z^3*v - 10626000000000000000*z^2 - 69653204804700000*v^2 - 17077500000000000000*z^2*v^2 + (318751954191*v^2*(21315717101250000000000*z + 251888812787799000000*v - 2277*((100000000000000000000000000000000000000000000000000*z^8)/5184729 + (1000000000000000000000000000000000000000000000*z^7*v)/2277 + (82000000000000000000000000000000000000000000000*z^7)/6831 - 47500000000000000000000000000000000000000*z^6*v^2 + 190000000000000000000000000000000000000000*z^6*v + (28790000000000000000000000000000000000000000*z^6)/9 + 227700000000000000000000000000000000000*z^5*v^3 - 20606850000000000000000000000000000000000*z^5*v^2 + 33649000000000000000000000000000000000000*z^5*v + 476399000000000000000000000000000000000000*z^5 + 20738916000000000000000000000000000000*z^4*v^4 + 80363299500000000000000000000000000000*z^4*v^3 - 3624845672250000000000000000000000000000*z^4*v^2 + 3193024956000000000000000000000000000000*z^4*v + 43334861108000000000000000000000000000000*z^4 + 5273180476740000000000000000000000000*z^3*v^4 + 10789032194325000000000000000000000000*z^3*v^3 - 331088835380985000000000000000000000000*z^3*v^2 + 178295588971830000000000000000000000000*z^3*v + 2462611233932520000000000000000000000000*z^3 + 489316420019302425000000000000000000*z^2*v^4 + 675071974350858150000000000000000000*z^2*v^3 - 16552106714224335375000000000000000000*z^2*v^2 + 6033948389280533700000000000000000000*z^2*v + 85241180213050039200000000000000000000*z^2 + 19593675080324520813000000000000000*z*v^4 + 19150854547443570171000000000000000*z*v^3 - 428767907904332123589000000000000000*z*v^2 + 119241896974428956409000000000000000*z*v + 1640133030554206373196000000000000000*z + 286333779222336441391290000000000*v^4 + 190028859908147566776360000000000*v^3 - 4485584245200754233841380000000000*v^2 + 1085971331766658862871720000000000*v + 13411413117897754927670010000000000)^(1/2) + 11484252505935000000000*z*v + 1869224422725000000000*z*v^2 + 150357141000000000000000*z^2*v + 569250000000000000000000*z^3*v + 419963049000000000000000*z^2 + 3415500000000000000000000*z^3 + 10000000000000000000000000*z^4 + 58243065407455500000*v^2 + 12961822500000000000000*z^2*v^2 + 365686802122365900000))/(2*(200000000000000000000*z^4 + 15939000000000000000*z^3*v + 56166000000000000000*z^3 + 116656402500000000*z^2*v^2 + 2544837817500000000*z^2*v + 5204891835000000000*z^2 + 10625065139700000*z*v^2 + 127566368498250000*z*v + 192672220321350000*z + 241932733230969*v^2 + 2037013877327418*v + 2474749508509377)) + (126925046325000*z*(21315717101250000000000*z + 251888812787799000000*v - 2277*((100000000000000000000000000000000000000000000000000*z^8)/5184729 + (1000000000000000000000000000000000000000000000*z^7*v)/2277 + (82000000000000000000000000000000000000000000000*z^7)/6831 - 47500000000000000000000000000000000000000*z^6*v^2 + 190000000000000000000000000000000000000000*z^6*v + 